

splited list:
TPPNETPDZRPZYPYLCLZXPDDTCLTPPCLCFDPEOTOZREDETTFRCZEGZYPTONSZTPTCZT
ZQFIMGZPAAWFHHQGSBBDFHHBBBFGHYBRQPHVKOIHFVARQBRGHBSWBRJCSSOBHHBBTB
JTNMOAYZDJHOYJMZGXXPNZCOZYZNRNYNCGJVDIZCJJVZZXDHKZGNNOVPQNONPCOZOB
ZFIMLMMGRVTEYMIHMISXCQIIXAPRSXEWEYSRJHXIAJVZWPRELWIMELVWMXGXXIIXLW
Frequency count:
A = 0.000000 3.000000 1.000000 2.000000
B = 0.000000 13.000000 1.000000 0.000000
C = 6.000000 1.000000 4.000000 1.000000
D = 5.000000 1.000000 3.000000 0.000000
E = 5.000000 0.000000 0.000000 5.000000
F = 2.000000 5.000000 0.000000 1.000000
G = 1.000000 4.000000 3.000000 2.000000
H = 0.000000 10.000000 2.000000 2.000000
I = 0.000000 2.000000 1.000000 9.000000
J = 0.000000 1.000000 6.000000 2.000000
K = 0.000000 1.000000 1.000000 0.000000
L = 4.000000 0.000000 0.000000 4.000000
M = 0.000000 1.000000 2.000000 7.000000
N = 2.000000 0.000000 9.000000 0.000000
O = 3.000000 2.000000 7.000000 0.000000
P = 11.000000 2.000000 3.000000 2.000000
Q = 0.000000 4.000000 1.000000 1.000000
R = 3.000000 4.000000 1.000000 4.000000
S = 1.000000 4.000000 0.000000 3.000000
T = 11.000000 1.000000 1.000000 1.000000
U = 0.000000 0.000000 0.000000 0.000000
V = 0.000000 2.000000 3.000000 3.000000
W = 0.000000 2.000000 0.000000 5.000000
X = 1.000000 0.000000 3.000000 8.000000
Y = 3.000000 1.000000 4.000000 2.000000
Z = 8.000000 2.000000 10.000000 2.000000


A = 1474.752075
B = 365.673981
C = 892.623718
D = 2810.690674
E = 1198.646240
F = 1234.807373
G = 1595.411621
H = 444.060364
I = 799.728699
J = 1386.416504
K = 1319.059937
L = 26.230762
M = 959.750793
N = 623.026367
O = 1080.666870
P = 483.150055
Q = 3222.403320
R = 370.670135
S = 1680.807373
T = 635.903076
U = 3062.979248
V = 649.440674
W = 1313.406616
X = 218.531082
Y = 430.480011
Z = 2181.181885


A = 531.691406
B = 548.061951
C = 3802.834473
D = 276.440857
E = 1786.879883
F = 331.496704
G = 1039.194336
H = 656.882141
I = 2498.635010
J = 554.552368
K = 1255.219116
L = 2852.898438
M = 341.570221
N = 157.751541
O = 48.957069
P = 647.128723
Q = 1047.578979
R = 2367.459473
S = 2155.614746
T = 559.101624
U = 357.068329
V = 445.646759
W = 863.125916
X = 460.278564
Y = 1139.336548
Z = 265.516510


A = 2529.864258
B = 345.466309
C = 1361.395020
D = 804.618530
E = 1272.796875
F = 848.343140
G = 212.875275
H = 432.514557
I = 478.972839
J = 1730.442993
K = 908.982666
L = 144.748260
M = 835.735291
N = 422.261627
O = 2183.129150
P = 1438.788208
Q = 2147.127441
R = 704.036743
S = 355.818542
T = 916.195557
U = 245.063126
V = 44.372322
W = 335.819702
X = 1463.599487
Y = 1350.094971
Z = 586.543091


A = 875.711487
B = 653.689819
C = 583.394775
D = 646.396912
E = 20.441212
F = 711.749084
G = 603.514526
H = 1510.285400
I = 378.121704
J = 1889.990356
K = 328.168152
L = 991.924500
M = 794.000000
N = 1490.381104
O = 1261.284546
P = 593.540527
Q = 271.962036
R = 258.173065
S = 1702.019531
T = 414.998230
U = 270.964417
V = 657.797241
W = 1116.451294
X = 898.173889
Y = 1616.689331
Z = 1246.730957


key is LOVE


The decrypted text are:
ILOVECYBERSECURITYTHISFIELDISBECOMINGMOREIMPORTANTDUETOINCREASEDRELIANCEONCOMPUTERSYSTEMSTHEINTERNETANDWIRELESSNETWORKSTANDARDSSUCHASBLUETOOTHANDWIFIANDDUETOTHEGROWTHOFSMARTDEVICESINCLUDINGSMARTPHONESTELEVISIONSANDTHEVARIOUSDEVICESTHATCONSTITUTETHEINTERNETOFTHINGS
